INDEX semrom 667

em.) 7 44, 4 et 11. (44)

mmmmwmm
(mvmssmwm
144ῳ744-1

flmestffwffi

mmoemwom-
1151711111· ‘²⁷²5ssss
4441711.)- 4311114
11, 11 Ι11111411) IV 10(ae
906444.)7 10,10, (1041)
14111410’ (47761111 4461
...4140111444114
11144411 1101. 414
444.) V 6, 10 40 10,0. (440
1141771484. ((1311) 1111, 1
(5040311147. (0οῗ1444.)7
(444 4413118111), 41ιέ ⁹
Wfflhstwmv
44. (444) 7 4ο, 4. (444)
114 ’47 111714
Η44744ύ7441
-Πωηηυη4
(100444.) 71 0, 0. (100444.)
vmmoemvvmn
(000 444.) V 0, 7. (440444.)
744ωῳηη4
11

44 ,)714, 14. (441
JV 10, 11. - Ρ (00
444.) 7 0, 14. (700) V 10,
14,-4 (144) 7 4, 1. -
Τ(0)1100, 4. (10444. ot

18) 0,10.- Υ (01444.)
7 14, 14. (144444.)714,
08. (000 444.) V 8, 4. (007
44) ⁸. 8· (⁴0⁸⁸‹1q-) V
10, 10. - Φ (100444.) V
414. (144) 714, 14. (444
444.)711, 00. (488) Ι 17,
44 - Χ (00 444.) V 10, 0.

(144 sq.) 7 14, 4. (4447
10, 00. (008 444.) 7 10, 10.
(017 44.) V 8,10. (070 44.) V
4, 4. (4144).) 1v 4,4.-4’(14
sq.) 1414. (114 et 144)7
4) 44444444
((4444.) 7 14, 4. (444 sqq.) ’

,.4474444
sq.) Vv⁷÷ 4ἐο 444)(878 914, 45
1151114. ’(444) 1 14, sssqq'

od 44. Β (0444.) V 8, 7. (077)

10, 8. - Γ (70444.) 7
4, 4. (414144.) 7 4, 4. (444
444.) 110,16.- Δ (140
sq.) 7 4, 4. (441) 711 1,14.
4444444444
(44 et 444) 11 14, 4. (444
111141 141411, (1249414111
4.-1(1ο4’444,)74, 14Ϊ
ωη74444744
(010 44. 41000) 711 10, 00.
74Ἶ11141111.)97(1,41Ἧ-’)
offlamwwmm
(441) v— 14, 4. (444 effi}
111444) ¹v<²281⁸f1q1v<wn> 7
14, 4. (444 sqq.) 7 14, 4. -
Κ(0144.)74, 0. (144444)
44· 44447444
4 4 40 11 ³· 0
{mg (444 4441.) 711914.
01011 34141107
14. -' Μ (14 444)(11 4), ιοῖ
§ga 44.) 71 8, 10. (108444.)

4, 4, (444444.) 11, 4.
(000444.) V 0, 5. (400) V
4, 1. (444 sq.) 7 4, 4. (444
444) 7 7, 1.- Ν (10) 711

 

