mnssx SCRIPTORVM

66666666666
7666666Μ.
666)66667
(767 66.) 111 8,17. (886 666.)
ῌ6ωωωω666
666.)717, 16. (467) 7 16, 6.
(466666.) 76,10. (466 666.)
vanummvmw.
666666
6176 766 711
66666Λ666
vl 1, 64. (646) v1 ι, 61. ,
(761666.) 16, 76. (766
66Η666666
(770 66.) 717,16. (77466.)
1666661
mmmmm&
vmnffmnfflffim
(666) v 66, 66. - xu

θῶ

Wffistffiwfflssd&
1111611666 161, 8⁸2>

17, 17. (766 666.) 1111 4, 77. 11616661. (4) 11116, 11. (6666.)

1111 6, 6. - 11. (us 66. 66.
fflfflwffl-stffim
nmmwwmaw

111 6, 16.-6111. (6ο) ν) 6, -

666666666
71 lx} 41. (67) 7 17, 17.
11186 o, {35 ff 71616667
4, 17. (17) V 71, 1. (81666.)
666666646
66.) 71 4, 11. (46666.) 11Π
6, 8, (74 66.) 1111 6,10. (76
ssffisthffiffigfflq
7111. (68)7 16, 7 66 71 1,
66. (66666.) 71 7, 70. -
71111 (7666.) 111167. (7666.)
1111 6,16. (4166.) 71 4, 6. -
11(1166.) 71617. (67) 7

(11666.) 7 7, 16. (17666.) 17, 16. (66) 7 14,6 66 16,7.-
71, 16 66 7, 17. (46666.) (16666.1.(666.)116,44. (6)

1111 4, 70. (6766.) 17, 4.
(7666.) 1111 6, 10. (10166.)
71, 7. (14766.)716, 87.
(161) 71 0, 10, (704) 1111 6,16.
(706666.) 7 6, 14 66 71 6,
66666466)
&pfffflffiffssfflffl
vffimwfflwm
660666606
11. (871) 1111676667 16,
17. (676 66 677) 11114, 7.
(48666.) 71 1, 66. (476)
1η66ω666
666666606
mmmmmm
66666.) 1111 7, 10. (646) 7
16, 7. 646 66.) 11 6, 6.
77666.)(718,67. 77066.)
1ημ.ωμ666
(777 666.) 11 6, 4. (61666.)

ηωψωνηωηι
766661Μ66)
6666ηη666
116, 74. 64666671, 14.
(1006 6.) 761666, (118
666666
766666666
16. (747 66 74666.) O. 1 16,
466. x5888) 714, 16. (767
616 6161611116·ιὲ
66111617. (786) 7164.
mmmmwmm
mmwwssw)
vmmfflmmmfflae
711,68.-11.(866661) 16,
666666667
666666666
66666666
666666666

⁴8*

 

